world: a8c25225-a158-4b5c-85e0-bfeecdd05f5e
world-name: Requlogia
x: -16.012156395907923
y: 50.0
z: -8.12347695404787
yaw: 94.352294921875
pitch: 2.8500773906707764
name: armortrade
lastowner: 0c36755b-079a-3b95-849c-1187f65032a8
