world: a8c25225-a158-4b5c-85e0-bfeecdd05f5e
world-name: Requlogia
x: 17.32834003602492
y: 50.0
z: -6.323713283398472
yaw: 247.35784912109375
pitch: -1.6499173641204834
name: cointrade
lastowner: 0c36755b-079a-3b95-849c-1187f65032a8
