world: a8c25225-a158-4b5c-85e0-bfeecdd05f5e
world-name: Requlogia
x: 19.1161558355464
y: 50.0
z: 77.36377675423167
yaw: -41.9975700378418
pitch: -8.850051879882812
name: crates
lastowner: 0c36755b-079a-3b95-849c-1187f65032a8
