world: a8c25225-a158-4b5c-85e0-bfeecdd05f5e
world-name: Requlogia
x: -45.37524331441495
y: 50.0
z: 41.74163840826057
yaw: 91.35101318359375
pitch: 0.30007657408714294
name: customitemtrade
lastowner: 0c36755b-079a-3b95-849c-1187f65032a8
