world: a8c25225-a158-4b5c-85e0-bfeecdd05f5e
world-name: Requlogia
x: -47.7737249836058
y: 50.0
z: 25.18947635082961
yaw: 87.15081787109375
pitch: 1.6500767469406128
name: elytratrade
lastowner: 0c36755b-079a-3b95-849c-1187f65032a8
