world: a8c25225-a158-4b5c-85e0-bfeecdd05f5e
world-name: Requlogia
x: -4.479601194016333
y: 32.0
z: -380.5754085335179
yaw: 179.84735107421875
pitch: -27.450233459472656
name: flameportal
lastowner: 0c36755b-079a-3b95-849c-1187f65032a8
