world: a8c25225-a158-4b5c-85e0-bfeecdd05f5e
world-name: Requlogia
x: 0.3144334583058104
y: 25.0
z: -142.14519952854656
yaw: 180.89862060546875
pitch: -32.70033264160156
name: iceportal
lastowner: 0c36755b-079a-3b95-849c-1187f65032a8
