world: a8c25225-a158-4b5c-85e0-bfeecdd05f5e
world-name: Requlogia
x: -44.04485811014303
y: 50.0
z: 65.58718529863502
yaw: 90.9036865234375
pitch: 7.664412260055542E-5
name: itemtrade
lastowner: 0c36755b-079a-3b95-849c-1187f65032a8
