world: a8c25225-a158-4b5c-85e0-bfeecdd05f5e
world-name: Requlogia
x: -18.9260113274799
y: 50.0
z: 79.39337580938636
yaw: 46.80226516723633
pitch: -9.900060653686523
name: leaderboards
lastowner: 0c36755b-079a-3b95-849c-1187f65032a8
