world: a8c25225-a158-4b5c-85e0-bfeecdd05f5e
world-name: Requlogia
x: -3.5606842813354858
y: 10.0
z: -677.5593296648399
yaw: 180.297607421875
pitch: -34.80046463012695
name: nightmareportal
lastowner: 0c36755b-079a-3b95-849c-1187f65032a8
