world: a8c25225-a158-4b5c-85e0-bfeecdd05f5e
world-name: Requlogia
x: 49.19391554301808
y: 50.0
z: 31.254020187355067
yaw: 317.70465087890625
pitch: -2.549917697906494
name: pickaxetrade
lastowner: 0c36755b-079a-3b95-849c-1187f65032a8
