world: a8c25225-a158-4b5c-85e0-bfeecdd05f5e
world-name: Requlogia
x: 0.36570133434965757
y: 28.0
z: -89.51013929514883
yaw: 180.14865112304688
pitch: -7.350362300872803
name: spawnmid
lastowner: 0c36755b-079a-3b95-849c-1187f65032a8
