world: a8c25225-a158-4b5c-85e0-bfeecdd05f5e
world-name: Requlogia
x: 0.5
y: 50.0
z: -3.5
yaw: 179.8525848388672
pitch: -4.500054359436035
name: spawn
lastowner: 0c36755b-079a-3b95-849c-1187f65032a8
