world: a8c25225-a158-4b5c-85e0-bfeecdd05f5e
world-name: Requlogia
x: 30.7365092099095
y: 50.0
z: 1.151733067754949
yaw: 277.0552978515625
pitch: -1.799917459487915
name: swordtrade
lastowner: 0c36755b-079a-3b95-849c-1187f65032a8
